52
44
63
49
25
22
80
16
55
92
22
4
62
33
59
13
54
80
66
93
42
60
85
94
88
51
54
97
52
48
61
7
73
49
66
19
62
35
68
55
30
86
46
33
14
44
63
4
78
44
97
8
6
74
62
43
66
96
51
24
98
98
78
59
6
99
100
6
70
27
94
52
78
49
29
79
60
81
75
13
45
59
44
91
58
68
26
89
10
24
91
24
92
25
30
57
62
46
51
98
66
36
31
73
73
8
2
83
70
2
20
32
43
60
6
97
34
57
7
38
82
29
47
87
41
58
90
30
78
15
99
6
3
6
24
51
24
2
12
36
46
68
18
56
22
69
86
38
72
66
76
68
18
37
5
78
56
89
46
73
39
22
91
41
89
77
3
90
80
1
59
34
56
72
95
52
28
21
7
14
85
92
93
32
96
71
74
86
49
67
72
79
25
25
69
65
36
52
56
68
13
97
55
16
98
97
49
97
93
37
52
57
31
93
70
40
47
35
78
68
93
46
96
69
26
8
39
48
31
82
72
53
6
38
52
58
21
59
69
47
41
28
35
75
87
96
7
44
90
38
36
75
22
100
50
65
22
22
80
92
1
73
28
61
37
3
88
31
88
21
96
90
99
16
6
48
73
67
5
46
41
37
26
61
93
5
25
96
53
26
8
83
53
6
37
61
26
57
100
16
12
31
53
47
35
95
86
82
38
45
31
42
99
79
11
2
48
49
4
92
21
29
15
6
66
69
38
98
37
46
88
68
74
45
17
70
46
35
91
45
6
21
72
57
95
55
13
51
90
49
11
30
59
25
15
69
31
92
39
27
72
48
83
35
31
66
80
89
85
86
78
49
64
65
21
84
58
15
89
61
37
87
30
49
76
11
83
78
12
54
31
28
18
7
62
8
76
88
35
80
13
24
32
49
53
89
13
24
97
23
11
53
63
39
26
65
80
46
43
66
86
22
3
99
95
70
63
71
8
39
82
63
10
92
98
95
26
72
46
90
82
21
12
22
23
1
7
92
88
86
93
18
73
65
56
67
17
13
71
22
17
56
14
76
9
70
55
61
30
57
84
75
82
76
92
31
24
66
8
5
38
75
21
79
77
14
80
7
51
12
39
54
60
75
7
18
35
12
62
28
29
73
83
66
56
27
10
4
69
52
44
16
89
29
34
99
99
20
64
42
52
6
58
38
24
6
5
11
36
72
59
14
71
87
6
3
35
48
2
53
28
26
64
15
34
14
7
10
94
26
50
91
48
46
94
15
7
54
57
64
58
26
12
35
27
37
10
77
19
23
76
29
28
74
34
58
35
23
44
14
79
91
65
55
68
34
34
91
15
17
44
78
88
59
86
100
56
20
62
84
87
80
54
35
35
80
64
77
66
3
25
92
72
17
82
2
42
66
76
94
38
10
16
60
47
45
86
45
64
2
66
22
91
9
17
72
29
4
42
65
12
17
71
28
3
26
40
36
32
63
98
57
27
97
43
35
42
75
70
15
20
6
47
63
30
94
100
11
64
100
24
22
22
78
88
47
99
59
51
37
13
93
55
10
37
66
9
83
79
48
6
70
87
7
83
76
91
38
24
37
31
59
2
61
95
44
92
76
43
65
64
96
74
65
88
16
59
52
37
78
1
89
86
78
84
94
96
18
3
27
96
58
77
90
37
59
11
12
83
7
89
14
14
18
69
50
14
25
74
64
69
56
20
69
76
90
22
7
11
44
91
73
75
23
75
7
6
99
38
84
82
84
58
98
76
74
38
88
41
36
79
49
19
27
12
6
63
22
47
51
37
88
18
98
86
32
99
70
6
36
83
58
27
10
65
86
40
96
51
41
55
20
35
33
65
41
53
66
9
11
89
19
30
46
73
70
60
76
51
86
26
52
23
84
24
17
26
74
9
64
72
41
32
29
19
54
99
99
27
89
84
53
61
69
74
11
59
64
80
94
92
16
44
95
18
42
25
34
25
74
55
26
70
57
1
16
51
23
13
74
18
27
59
35
38
11
45
30
60
4
48
99
12
59
47
35
3
11
61
46
55
68
41
41
37
43
2
84
33
68
39
88
22
93
42
100
48
28
6
22
17
47
38
90
71
6
36
99
17
38
6
63
47
52
85
89
100
46
30
89
25
37
21
28
51
73
60
30
8
6
74
93
51
33
74
94
71
47
47
60
16
91
7
88
23
86
77
56
78
49
46
70
94
17
25
36
16
2
82
66
48
94
68
100
51
80
49
29
69
38
65
18
99
56
62
38
79
75
30
88
